% Layout
% step ex ey ez bx by bz "ion" "electron"
% timestep = 6.214806e-02
0 0.000000e+00 0.000000e+00 0.000000e+00 6.160156e+06 9.375000e+04 3.906250e+03 9.119152e+04 9.119250e+04
100 2.831197e+01 5.040705e+01 1.256017e+02 6.158757e+06 9.367954e+04 3.914213e+03 9.182173e+04 9.182271e+04
200 2.848347e+01 1.314279e+02 4.458080e+02 6.158345e+06 9.384205e+04 3.909047e+03 9.174912e+04 9.175009e+04
300 4.097716e+01 1.501422e+02 9.946886e+02 6.158424e+06 9.403038e+04 3.893603e+03 9.133445e+04 9.133543e+04
400 4.309751e+01 2.198958e+02 1.715850e+03 6.156399e+06 9.372257e+04 3.869370e+03 9.211793e+04 9.211887e+04
500 4.538935e+01 3.542111e+02 2.630202e+03 6.155811e+06 9.393537e+04 3.837294e+03 9.179790e+04 9.179891e+04
600 4.916019e+01 4.228286e+02 3.772612e+03 6.154583e+06 9.423113e+04 3.798221e+03 9.167770e+04 9.167865e+04
700 5.603733e+01 5.532681e+02 4.996012e+03 6.151902e+06 9.429025e+04 3.752763e+03 9.233280e+04 9.233365e+04
800 6.560428e+01 7.069786e+02 6.493984e+03 6.150835e+06 9.496551e+04 3.701633e+03 9.172571e+04 9.172668e+04
900 6.953907e+01 8.232749e+02 8.057224e+03 6.147922e+06 9.533425e+04 3.646132e+03 9.218599e+04 9.218693e+04
1000 6.881619e+01 1.015824e+03 9.781045e+03 6.145327e+06 9.586643e+04 3.585666e+03 9.229197e+04 9.229285e+04
1100 8.825239e+01 1.133898e+03 1.164255e+04 6.142545e+06 9.650201e+04 3.522476e+03 9.239954e+04 9.240031e+04
1200 8.440579e+01 1.348700e+03 1.353094e+04 6.139230e+06 9.701320e+04 3.456598e+03 9.278726e+04 9.278822e+04
1300 9.637756e+01 1.511543e+03 1.553270e+04 6.135787e+06 9.772410e+04 3.388280e+03 9.310163e+04 9.310268e+04
1400 8.924315e+01 1.748683e+03 1.756259e+04 6.131960e+06 9.838193e+04 3.319092e+03 9.359320e+04 9.359409e+04
1500 9.332786e+01 1.947493e+03 1.962370e+04 6.128092e+06 9.930687e+04 3.249376e+03 9.397029e+04 9.397095e+04
1600 9.298751e+01 2.181493e+03 2.179287e+04 6.124051e+06 1.002540e+05 3.179917e+03 9.435302e+04 9.435397e+04
1700 9.944621e+01 2.384810e+03 2.382431e+04 6.119466e+06 1.012215e+05 3.111337e+03 9.507835e+04 9.507907e+04
1800 1.055660e+02 2.598577e+03 2.603451e+04 6.115062e+06 1.022651e+05 3.044411e+03 9.557990e+04 9.558038e+04
1900 1.099796e+02 2.816527e+03 2.802129e+04 6.110138e+06 1.032098e+05 2.980102e+03 9.649944e+04 9.650024e+04
2000 1.113904e+02 3.023941e+03 3.013445e+04 6.105349e+06 1.043518e+05 2.918815e+03 9.719562e+04 9.719612e+04
2100 1.115063e+02 3.246070e+03 3.219757e+04 6.100333e+06 1.055105e+05 2.861421e+03 9.801349e+04 9.801376e+04
2200 1.162714e+02 3.438478e+03 3.413896e+04 6.095019e+06 1.066756e+05 2.808462e+03 9.904811e+04 9.904847e+04
2300 1.192037e+02 3.639914e+03 3.619582e+04 6.089828e+06 1.078894e+05 2.760748e+03 9.993272e+04 9.993302e+04
2400 1.199616e+02 3.837199e+03 3.805207e+04 6.084258e+06 1.090422e+05 2.719375e+03 1.011376e+05 1.011380e+05
2500 1.228236e+02 4.016818e+03 3.998332e+04 6.078729e+06 1.103379e+05 2.685062e+03 1.022177e+05 1.022181e+05
2600 1.255964e+02 4.199387e+03 4.184724e+04 6.073127e+06 1.116156e+05 2.659559e+03 1.033714e+05 1.033714e+05
2700 1.290556e+02 4.365466e+03 4.360548e+04 6.067310e+06 1.128596e+05 2.643850e+03 1.047046e+05 1.047049e+05
2800 1.314285e+02 4.530409e+03 4.542788e+04 6.061577e+06 1.142234e+05 2.640660e+03 1.058994e+05 1.058989e+05
2900 1.343223e+02 4.690176e+03 4.710545e+04 6.055638e+06 1.155393e+05 2.653293e+03 1.072881e+05 1.072872e+05
3000 1.378008e+02 4.843365e+03 4.878101e+04 6.049654e+06 1.168977e+05 2.684897e+03 1.086715e+05 1.086714e+05
3100 1.410153e+02 5.001506e+03 5.041284e+04 6.043634e+06 1.183110e+05 2.744950e+03 1.100519e+05 1.100518e+05
3200 1.453754e+02 5.161670e+03 5.194711e+04 6.037457e+06 1.197171e+05 2.840545e+03 1.115436e+05 1.115430e+05
3300 1.508506e+02 5.340023e+03 5.345781e+04 6.031246e+06 1.212053e+05 2.990233e+03 1.129877e+05 1.129846e+05
3400 1.581829e+02 5.541497e+03 5.487580e+04 6.024921e+06 1.227400e+05 3.214277e+03 1.144617e+05 1.144567e+05
3500 1.669567e+02 5.780062e+03 5.617771e+04 6.018430e+06 1.243310e+05 3.536184e+03 1.159798e+05 1.159745e+05
3600 1.787710e+02 6.069311e+03 5.742360e+04 6.011855e+06 1.260242e+05 3.980756e+03 1.174274e+05 1.174247e+05
3700 1.934980e+02 6.410392e+03 5.849784e+04 6.005062e+06 1.277801e+05 4.563434e+03 1.189410e+05 1.189423e+05
3800 2.108613e+02 6.817806e+03 5.951192e+04 5.998114e+06 1.296558e+05 5.310591e+03 1.203864e+05 1.203913e+05
3900 2.322000e+02 7.291579e+03 6.036051e+04 5.990859e+06 1.316427e+05 6.255391e+03 1.218801e+05 1.218854e+05
4000 2.562219e+02 7.835545e+03 6.108614e+04 5.983200e+06 1.337605e+05 7.413402e+03 1.234271e+05 1.234356e+05
4100 2.818720e+02 8.427540e+03 6.168869e+04 5.975059e+06 1.360369e+05 8.779076e+03 1.250681e+05 1.250811e+05
4200 3.118309e+02 9.074228e+03 6.210837e+04 5.966321e+06 1.384889e+05 1.037936e+04 1.268640e+05 1.268825e+05
4300 3.435925e+02 9.767467e+03 6.232098e+04 5.956941e+06 1.410800e+05 1.222548e+04 1.288666e+05 1.288929e+05
4400 3.752870e+02 1.048723e+04 6.232342e+04 5.947018e+06 1.437381e+05 1.431805e+04 1.310772e+05 1.311077e+05
4500 4.141067e+02 1.119997e+04 6.214849e+04 5.936729e+06 1.464250e+05 1.657527e+04 1.334616e+05 1.334988e+05
4600 4.654076e+02 1.187822e+04 6.185305e+04 5.926277e+06 1.490814e+05 1.888035e+04 1.359880e+05 1.360357e+05
4700 5.133823e+02 1.251491e+04 6.147227e+04 5.915716e+06 1.516365e+05 2.120559e+04 1.386811e+05 1.387262e+05
4800 5.603260e+02 1.314181e+04 6.098120e+04 5.905066e+06 1.541332e+05 2.361045e+04 1.414674e+05 1.415118e+05
4900 6.113934e+02 1.383477e+04 6.042649e+04 5.894426e+06 1.565891e+05 2.618025e+04 1.441888e+05 1.442211e+05
5000 6.664820e+02 1.469771e+04 5.978769e+04 5.883861e+06 1.590487e+05 2.880187e+04 1.467972e+05 1.468239e+05
5100 7.281752e+02 1.556792e+04 5.925351e+04 5.873206e+06 1.614514e+05 3.143326e+04 1.494174e+05 1.494331e+05
5200 7.781468e+02 1.670149e+04 5.866241e+04 5.862251e+06 1.638814e+05 3.424225e+04 1.519869e+05 1.519934e+05
5300 8.422908e+02 1.786877e+04 5.810864e+04 5.850762e+06 1.663718e+05 3.725686e+04 1.546439e+05 1.546495e+05
5400 8.973672e+02 1.929925e+04 5.725842e+04 5.838785e+06 1.689196e+05 4.045585e+04 1.574406e+05 1.574536e+05
5500 9.419756e+02 2.069959e+04 5.662049e+04 5.826397e+06 1.713332e+05 4.372607e+04 1.603899e+05 1.604077e+05
5600 1.006141e+03 2.216975e+04 5.607113e+04 5.813692e+06 1.738430e+05 4.723771e+04 1.632291e+05 1.632736e+05
5700 1.082094e+03 2.382763e+04 5.561846e+04 5.800461e+06 1.762317e+05 5.103051e+04 1.661303e+05 1.661485e+05
5800 1.115271e+03 2.571215e+04 5.540427e+04 5.786987e+06 1.784898e+05 5.508890e+04 1.688559e+05 1.688837e+05
5900 1.136982e+03 2.774045e+04 5.553585e+04 5.772542e+06 1.807142e+05 5.913245e+04 1.718620e+05 1.718807e+05
6000 1.199170e+03 3.010377e+04 5.515403e+04 5.757355e+06 1.833242e+05 6.318563e+04 1.751008e+05 1.751306e+05
6100 1.367263e+03 3.261927e+04 5.450360e+04 5.741175e+06 1.862458e+05 6.762117e+04 1.785026e+05 1.785275e+05
6200 1.629655e+03 3.486481e+04 5.286593e+04 5.723467e+06 1.901255e+05 7.291213e+04 1.823508e+05 1.823541e+05
6300 1.885173e+03 3.695587e+04 5.083705e+04 5.705405e+06 1.939564e+05 7.933566e+04 1.860987e+05 1.861027e+05
6400 2.201901e+03 3.855570e+04 4.934678e+04 5.687284e+06 1.965274e+05 8.717824e+04 1.897462e+05 1.897428e+05
6500 2.186123e+03 4.024147e+04 4.785206e+04 5.670670e+06 1.994170e+05 9.465578e+04 1.927971e+05 1.927710e+05
6600 2.233803e+03 4.208283e+04 4.627507e+04 5.654780e+06 2.020857e+05 1.014202e+05 1.958623e+05 1.958575e+05
6700 2.471146e+03 4.379121e+04 4.499146e+04 5.639293e+06 2.034924e+05 1.081734e+05 1.992011e+05 1.991900e+05
6800 2.515078e+03 4.575477e+04 4.399986e+04 5.623847e+06 2.046489e+05 1.138601e+05 2.030034e+05 2.029822e+05
6900 2.564062e+03 4.773758e+04 4.283584e+04 5.609223e+06 2.058444e+05 1.189863e+05 2.067270e+05 2.067011e+05
7000 2.764530e+03 4.990808e+04 4.192778e+04 5.594522e+06 2.079687e+05 1.233533e+05 2.100965e+05 2.100874e+05
7100 2.859914e+03 5.191680e+04 4.161607e+04 5.579118e+06 2.100743e+05 1.263683e+05 2.143455e+05 2.143367e+05
7200 2.754843e+03 5.393117e+04 4.196492e+04 5.566173e+06 2.115571e+05 1.290330e+05 2.176027e+05 2.176276e+05
7300 2.835645e+03 5.596045e+04 4.083569e+04 5.554200e+06 2.140812e+05 1.300831e+05 2.213084e+05 2.213471e+05
7400 2.748929e+03 5.815961e+04 4.067035e+04 5.543091e+06 2.139186e+05 1.322091e+05 2.249138e+05 2.249480e+05
7500 2.805553e+03 6.047701e+04 3.859109e+04 5.532185e+06 2.155839e+05 1.341792e+05 2.284126e+05 2.284326e+05
7600 2.921177e+03 6.195374e+04 3.753482e+04 5.520091e+06 2.153524e+05 1.370735e+05 2.328570e+05 2.328905e+05
7700 3.038281e+03 6.381763e+04 3.748787e+04 5.506710e+06 2.149665e+05 1.411721e+05 2.367213e+05 2.367680e+05
7800 3.154040e+03 6.578384e+04 3.600792e+04 5.491521e+06 2.176083e+05 1.463536e+05 2.401027e+05 2.401576e+05
7900 3.649090e+03 6.805235e+04 3.645852e+04 5.474774e+06 2.186724e+05 1.509369e+05 2.440460e+05 2.441093e+05
8000 3.675005e+03 7.079658e+04 3.503648e+04 5.456468e+06 2.223098e+05 1.564978e+05 2.479203e+05 2.480032e+05
8100 3.564475e+03 7.253276e+04 3.525830e+04 5.437850e+06 2.240285e+05 1.635653e+05 2.519334e+05 2.519838e+05
8200 3.473991e+03 7.430364e+04 3.512239e+04 5.419316e+06 2.253298e+05 1.710054e+05 2.560761e+05 2.560988e+05
8300 3.373219e+03 7.662171e+04 3.357083e+04 5.400614e+06 2.277471e+05 1.776152e+05 2.605762e+05 2.606156e+05
8400 3.200467e+03 7.966257e+04 3.541400e+04 5.381669e+06 2.257128e+05 1.836141e+05 2.657205e+05 2.657509e+05
8500 3.267153e+03 8.236796e+04 3.556977e+04 5.362109e+06 2.256567e+05 1.883145e+05 2.717149e+05 2.717535e+05
8600 3.381869e+03 8.433119e+04 3.432437e+04 5.341012e+06 2.276864e+05 1.933321e+05 2.783385e+05 2.783540e+05
8700 3.528155e+03 8.634135e+04 3.529837e+04 5.318770e+06 2.272898e+05 1.985795e+05 2.854828e+05 2.854827e+05
8800 3.497281e+03 8.822797e+04 3.596638e+04 5.295925e+06 2.290233e+05 2.032204e+05 2.924414e+05 2.924817e+05
8900 3.437810e+03 8.968540e+04 3.412669e+04 5.273269e+06 2.341832e+05 2.077476e+05 2.991666e+05 2.991764e+05
9000 3.487947e+03 9.079325e+04 3.165187e+04 5.250803e+06 2.396563e+05 2.130327e+05 3.057054e+05 3.056672e+05
9100 4.000872e+03 9.148231e+04 3.128354e+04 5.227840e+06 2.419855e+05 2.193176e+05 3.125032e+05 3.123942e+05
9200 4.860026e+03 9.172211e+04 3.191027e+04 5.205658e+06 2.427163e+05 2.264097e+05 3.188124e+05 3.187274e+05
9300 5.398278e+03 9.192399e+04 2.989429e+04 5.185055e+06 2.449353e+05 2.348845e+05 3.244710e+05 3.242575e+05
9400 5.602811e+03 9.092403e+04 2.785660e+04 5.166851e+06 2.480194e+05 2.428957e+05 3.295513e+05 3.291209e+05
9500 5.837293e+03 9.072265e+04 2.768425e+04 5.151221e+06 2.475895e+05 2.511152e+05 3.335422e+05 3.331164e+05
9600 5.816474e+03 9.177364e+04 2.816556e+04 5.137934e+06 2.442518e+05 2.589759e+05 3.371779e+05 3.367430e+05
9700 5.641176e+03 9.277164e+04 2.806528e+04 5.125216e+06 2.423578e+05 2.669478e+05 3.401214e+05 3.397242e+05
9800 5.688153e+03 9.435294e+04 2.723639e+04 5.111760e+06 2.434015e+05 2.714679e+05 3.436440e+05 3.433002e+05
9900 5.813205e+03 9.681642e+04 2.742949e+04 5.097495e+06 2.455179e+05 2.721015e+05 3.480448e+05 3.476438e+05
10000 5.705540e+03 9.868464e+04 2.872661e+04 5.083661e+06 2.475210e+05 2.707245e+05 3.531148e+05 3.527343e+05
10100 5.400361e+03 1.002362e+05 3.022161e+04 5.070481e+06 2.489107e+05 2.693368e+05 3.582366e+05 3.580572e+05
10200 4.593931e+03 1.021524e+05 3.061029e+04 5.058440e+06 2.507729e+05 2.674105e+05 3.635576e+05 3.633488e+05
10300 3.782371e+03 1.022286e+05 2.970597e+04 5.047349e+06 2.526386e+05 2.672371e+05 3.690573e+05 3.688887e+05
10400 3.190656e+03 1.016379e+05 2.869347e+04 5.036368e+06 2.528999e+05 2.693303e+05 3.744540e+05 3.743146e+05
10500 2.853690e+03 1.015981e+05 2.796970e+04 5.025214e+06 2.516252e+05 2.723845e+05 3.796464e+05 3.796020e+05
10600 2.674203e+03 1.014899e+05 2.878725e+04 5.014947e+06 2.486774e+05 2.774752e+05 3.834788e+05 3.833682e+05
10700 2.885521e+03 9.996843e+04 3.075604e+04 5.004020e+06 2.449090e+05 2.815337e+05 3.884375e+05 3.883922e+05
10800 3.363080e+03 9.983697e+04 3.079028e+04 4.990958e+06 2.422825e+05 2.857717e+05 3.940301e+05 3.938774e+05
10900 3.969965e+03 1.005499e+05 3.056470e+04 4.977316e+06 2.390041e+05 2.911678e+05 3.992490e+05 3.990978e+05
11000 4.159885e+03 9.987577e+04 3.154149e+04 4.962566e+06 2.365170e+05 2.963963e+05 4.050685e+05 4.047995e+05
11100 4.595710e+03 9.923576e+04 3.043695e+04 4.946506e+06 2.375726e+05 3.016124e+05 4.107061e+05 4.102628e+05
11200 5.536057e+03 9.986800e+04 2.839840e+04 4.928739e+06 2.404519e+05 3.056973e+05 4.163211e+05 4.159224e+05
11300 6.407856e+03 1.007468e+05 2.774788e+04 4.909570e+06 2.435818e+05 3.088823e+05 4.221231e+05 4.218852e+05
11400 7.002912e+03 1.014471e+05 2.628516e+04 4.889376e+06 2.480595e+05 3.143736e+05 4.273136e+05 4.270948e+05
11500 7.306181e+03 1.008180e+05 2.560209e+04 4.868801e+06 2.517000e+05 3.210268e+05 4.329062e+05 4.327970e+05
11600 7.132748e+03 9.986136e+04 2.705102e+04 4.848017e+06 2.543793e+05 3.273412e+05 4.387180e+05 4.384593e+05
11700 6.654708e+03 1.000415e+05 2.883474e+04 4.828745e+06 2.559754e+05 3.335850e+05 4.436280e+05 4.435034e+05
11800 6.207678e+03 1.003686e+05 3.034138e+04 4.810642e+06 2.567555e+05 3.396928e+05 4.485778e+05 4.483910e+05
11900 5.611563e+03 1.017475e+05 3.202456e+04 4.793110e+06 2.566850e+05 3.453653e+05 4.532908e+05 4.531525e+05
12000 4.896053e+03 1.038979e+05 3.239348e+04 4.776138e+06 2.568099e+05 3.503429e+05 4.582694e+05 4.582505e+05
12100 4.354889e+03 1.054220e+05 3.149145e+04 4.759824e+06 2.581205e+05 3.544250e+05 4.636502e+05 4.637191e+05
12200 4.035825e+03 1.058163e+05 3.080935e+04 4.743772e+06 2.599607e+05 3.557501e+05 4.704046e+05 4.704637e+05
12300 3.860021e+03 1.047681e+05 3.054030e+04 4.727472e+06 2.609513e+05 3.560564e+05 4.786542e+05 4.787129e+05
12400 3.972618e+03 1.056035e+05 2.986834e+04 4.711744e+06 2.633390e+05 3.559237e+05 4.853507e+05 4.852186e+05
12500 4.081822e+03 1.078522e+05 2.921258e+04 4.696867e+06 2.649301e+05 3.546439e+05 4.919064e+05 4.915372e+05
12600 3.529778e+03 1.085034e+05 2.932398e+04 4.685325e+06 2.596300e+05 3.573805e+05 4.989647e+05 4.983816e+05
12700 3.522820e+03 1.093563e+05 2.740912e+04 4.674307e+06 2.587113e+05 3.596276e+05 5.043545e+05 5.037574e+05
12800 3.882771e+03 1.077028e+05 2.798626e+04 4.663143e+06 2.560386e+05 3.636586e+05 5.096004e+05 5.090397e+05
12900 3.742826e+03 1.060558e+05 2.862236e+04 4.652548e+06 2.529078e+05 3.682648e+05 5.146533e+05 5.142646e+05
13000 3.571491e+03 1.053552e+05 2.874959e+04 4.640668e+06 2.512820e+05 3.712800e+05 5.201511e+05 5.200073e+05
13100 3.432469e+03 1.049420e+05 2.894044e+04 4.628328e+06 2.503412e+05 3.746551e+05 5.252538e+05 5.251769e+05
13200 3.377795e+03 1.043596e+05 2.857653e+04 4.615047e+06 2.506817e+05 3.784716e+05 5.303199e+05 5.302404e+05
13300 3.465695e+03 1.016800e+05 2.747836e+04 4.601045e+06 2.518348e+05 3.834455e+05 5.361232e+05 5.360039e+05
13400 3.729301e+03 1.012922e+05 2.507998e+04 4.586023e+06 2.542109e+05 3.893898e+05 5.406500e+05 5.407046e+05
13500 4.124193e+03 1.021074e+05 2.364924e+04 4.571799e+06 2.557851e+05 3.927120e+05 5.453439e+05 5.455659e+05
13600 4.535179e+03 1.020386e+05 2.236685e+04 4.556939e+06 2.578387e+05 3.940029e+05 5.515374e+05 5.518335e+05
13700 4.882677e+03 1.031762e+05 2.051897e+04 4.541705e+06 2.594718e+05 3.955261e+05 5.577349e+05 5.580845e+05
13800 4.980864e+03 1.036840e+05 2.043829e+04 4.526575e+06 2.586546e+05 3.991317e+05 5.635996e+05 5.640428e+05
13900 4.908873e+03 1.032296e+05 2.099404e+04 4.510824e+06 2.579114e+05 4.048880e+05 5.689246e+05 5.694311e+05
14000 4.790713e+03 1.027312e+05 2.135868e+04 4.494584e+06 2.587663e+05 4.103680e+05 5.740533e+05 5.744648e+05
14100 4.551817e+03 1.033745e+05 2.120224e+04 4.478385e+06 2.611062e+05 4.162663e+05 5.778777e+05 5.783602e+05
14200 4.234956e+03 1.045659e+05 2.110080e+04 4.463454e+06 2.636044e+05 4.219049e+05 5.808707e+05 5.813974e+05
14300 4.001947e+03 1.051744e+05 2.150574e+04 4.450626e+06 2.651619e+05 4.268976e+05 5.835154e+05 5.842560e+05
14400 3.987341e+03 1.056778e+05 2.216989e+04 4.439268e+06 2.659451e+05 4.307184e+05 5.863199e+05 5.870607e+05
14500 4.029898e+03 1.060130e+05 2.319260e+04 4.429569e+06 2.668508e+05 4.327264e+05 5.889310e+05 5.898427e+05
14600 3.960673e+03 1.055260e+05 2.401719e+04 4.420344e+06 2.681677e+05 4.344634e+05 5.919298e+05 5.927537e+05
14700 3.731671e+03 1.049282e+05 2.415503e+04 4.411819e+06 2.704566e+05 4.358686e+05 5.948428e+05 5.953675e+05
14800 3.406364e+03 1.039425e+05 2.347006e+04 4.404341e+06 2.733647e+05 4.372449e+05 5.975721e+05 5.978341e+05
14900 3.158897e+03 1.036993e+05 2.259220e+04 4.397346e+06 2.757889e+05 4.384141e+05 5.998687e+05 6.003143e+05
15000 3.225853e+03 1.047259e+05 2.208042e+04 4.390558e+06 2.771620e+05 4.392923e+05 6.016699e+05 6.024771e+05
15100 3.818476e+03 1.066175e+05 2.159271e+04 4.383210e+06 2.775691e+05 4.393360e+05 6.040176e+05 6.050414e+05
15200 4.883277e+03 1.092400e+05 2.103259e+04 4.374877e+06 2.769084e+05 4.388504e+05 6.071897e+05 6.082331e+05
15300 6.062058e+03 1.126636e+05 2.025789e+04 4.364767e+06 2.757610e+05 4.386045e+05 6.110605e+05 6.120497e+05
15400 7.005915e+03 1.162805e+05 1.962912e+04 4.353190e+06 2.744903e+05 4.397661e+05 6.150396e+05 6.158368e+05
15500 7.569892e+03 1.190561e+05 1.921233e+04 4.341721e+06 2.736351e+05 4.421820e+05 6.186022e+05 6.192709e+05
15600 7.608677e+03 1.203642e+05 1.902403e+04 4.330422e+06 2.737174e+05 4.454186e+05 6.221015e+05 6.226009e+05
15700 7.224842e+03 1.209059e+05 1.891710e+04 4.318861e+06 2.745786e+05 4.493632e+05 6.254794e+05 6.259328e+05
15800 6.496952e+03 1.215688e+05 1.885963e+04 4.307007e+06 2.759640e+05 4.534057e+05 6.287437e+05 6.292229e+05
15900 5.634167e+03 1.230574e+05 1.916153e+04 4.294483e+06 2.769056e+05 4.573132e+05 6.320927e+05 6.326273e+05
16000 4.953419e+03 1.237755e+05 1.987197e+04 4.282892e+06 2.762013e+05 4.624140e+05 6.352670e+05 6.359069e+05
16100 4.595848e+03 1.235393e+05 2.048334e+04 4.272028e+06 2.746074e+05 4.686128e+05 6.383765e+05 6.390442e+05
16200 4.516843e+03 1.243403e+05 2.044969e+04 4.261210e+06 2.734015e+05 4.743545e+05 6.411187e+05 6.419026e+05
16300 4.378364e+03 1.263497e+05 2.023841e+04 4.250442e+06 2.725700e+05 4.788614e+05 6.437826e+05 6.446803e+05
16400 4.121686e+03 1.275898e+05 2.049128e+04 4.241334e+06 2.719343e+05 4.830360e+05 6.459056e+05 6.468977e+05
16500 3.803313e+03 1.287995e+05 2.092562e+04 4.232575e+06 2.717017e+05 4.855081e+05 6.485358e+05 6.494700e+05
16600 3.577302e+03 1.312392e+05 2.128379e+04 4.222530e+06 2.721435e+05 4.856060e+05 6.520679e+05 6.528786e+05
16700 3.584808e+03 1.321786e+05 2.152731e+04 4.214162e+06 2.735225e+05 4.842527e+05 6.556754e+05 6.564312e+05
16800 3.805454e+03 1.317960e+05 2.168418e+04 4.207204e+06 2.737670e+05 4.836740e+05 6.593392e+05 6.600716e+05
16900 3.999091e+03 1.315739e+05 2.239360e+04 4.199583e+06 2.718922e+05 4.847753e+05 6.631961e+05 6.639354e+05
17000 4.144152e+03 1.332886e+05 2.324597e+04 4.189570e+06 2.688005e+05 4.878009e+05 6.668866e+05 6.676193e+05
17100 4.219801e+03 1.370099e+05 2.317934e+04 4.177647e+06 2.669561e+05 4.904934e+05 6.705698e+05 6.712905e+05
17200 4.133033e+03 1.397188e+05 2.268163e+04 4.166520e+06 2.657920e+05 4.928559e+05 6.745082e+05 6.751660e+05
17300 3.892139e+03 1.425367e+05 2.280572e+04 4.154950e+06 2.639538e+05 4.961388e+05 6.782703e+05 6.788380e+05
17400 3.633534e+03 1.438215e+05 2.320954e+04 4.143991e+06 2.616426e+05 5.007159e+05 6.819577e+05 6.824217e+05
17500 3.460511e+03 1.439986e+05 2.347941e+04 4.133323e+06 2.596733e+05 5.049499e+05 6.860553e+05 6.864597e+05
17600 3.423096e+03 1.444009e+05 2.359593e+04 4.122492e+06 2.582898e+05 5.081701e+05 6.903008e+05 6.907326e+05
17700 3.482470e+03 1.443367e+05 2.356959e+04 4.112181e+06 2.572303e+05 5.117568e+05 6.941927e+05 6.946624e+05
17800 3.585865e+03 1.427093e+05 2.358283e+04 4.103091e+06 2.562940e+05 5.156176e+05 6.979827e+05 6.985531e+05
17900 3.650740e+03 1.412719e+05 2.364460e+04 4.093760e+06 2.558582e+05 5.186336e+05 7.019849e+05 7.026183e+05
18000 3.626334e+03 1.404201e+05 2.369459e+04 4.083152e+06 2.561034e+05 5.202250e+05 7.067562e+05 7.074491e+05
18100 3.523475e+03 1.386316e+05 2.381736e+04 4.072217e+06 2.570753e+05 5.207207e+05 7.123510e+05 7.130929e+05
18200 3.351996e+03 1.380003e+05 2.364046e+04 4.059359e+06 2.586847e+05 5.211741e+05 7.181984e+05 7.190241e+05
18300 3.131439e+03 1.389814e+05 2.328769e+04 4.045936e+06 2.603682e+05 5.207564e+05 7.240669e+05 7.249099e+05
18400 2.880684e+03 1.395208e+05 2.276995e+04 4.032163e+06 2.620245e+05 5.190302e+05 7.311187e+05 7.319338e+05
18500 2.632071e+03 1.391901e+05 2.199343e+04 4.018887e+06 2.634115e+05 5.169025e+05 7.388281e+05 7.395985e+05
18600 2.461997e+03 1.372914e+05 2.110354e+04 4.007334e+06 2.645030e+05 5.152454e+05 7.463407e+05 7.471637e+05
18700 2.410431e+03 1.355978e+05 2.030082e+04 3.996791e+06 2.657673e+05 5.130409e+05 7.533476e+05 7.541884e+05
18800 2.519072e+03 1.340464e+05 1.961508e+04 3.987523e+06 2.671714e+05 5.107715e+05 7.594883e+05 7.603103e+05
18900 2.791111e+03 1.346394e+05 1.885958e+04 3.977657e+06 2.685973e+05 5.075944e+05 7.652523e+05 7.660569e+05
19000 3.197219e+03 1.347070e+05 1.809441e+04 3.967870e+06 2.693753e+05 5.048097e+05 7.712973e+05 7.721005e+05
19100 3.681607e+03 1.352027e+05 1.756865e+04 3.958142e+06 2.692133e+05 5.031110e+05 7.768807e+05 7.776550e+05
19200 4.098706e+03 1.364860e+05 1.732776e+04 3.946559e+06 2.684115e+05 5.024569e+05 7.827150e+05 7.834043e+05
19300 4.340503e+03 1.384811e+05 1.729281e+04 3.934550e+06 2.674621e+05 5.022895e+05 7.882051e+05 7.888423e+05
19400 4.443102e+03 1.401958e+05 1.747973e+04 3.924091e+06 2.665414e+05 5.021849e+05 7.929867e+05 7.935448e+05
19500 4.483421e+03 1.412297e+05 1.778136e+04 3.915204e+06 2.658373e+05 5.030790e+05 7.966331e+05 7.972256e+05
19600 4.485952e+03 1.410739e+05 1.813106e+04 3.906762e+06 2.655004e+05 5.045221e+05 8.000790e+05 8.009260e+05
19700 4.498707e+03 1.393246e+05 1.863364e+04 3.899160e+06 2.653429e+05 5.070100e+05 8.031708e+05 8.043464e+05
19800 4.526221e+03 1.380929e+05 1.927468e+04 3.891275e+06 2.650592e+05 5.117500e+05 8.049810e+05 8.065360e+05
19900 4.582081e+03 1.364061e+05 2.003744e+04 3.884145e+06 2.643347e+05 5.172485e+05 8.064940e+05 8.082537e+05
20000 4.686785e+03 1.343738e+05 2.087980e+04 3.876121e+06 2.629380e+05 5.222117e+05 8.092463e+05 8.110491e+05
20100 4.797074e+03 1.332890e+05 2.174989e+04 3.866436e+06 2.612585e+05 5.270480e+05 8.125951e+05 8.143404e+05
20200 4.819524e+03 1.340672e+05 2.257587e+04 3.853967e+06 2.600957e+05 5.314756e+05 8.164540e+05 8.180699e+05
20300 4.799966e+03 1.349746e+05 2.316139e+04 3.840508e+06 2.598576e+05 5.348297e+05 8.208873e+05 8.225142e+05
20400 4.789157e+03 1.358820e+05 2.333898e+04 3.826204e+06 2.606306e+05 5.374715e+05 8.257961e+05 8.274247e+05
20500 4.774417e+03 1.358153e+05 2.362808e+04 3.812100e+06 2.623727e+05 5.385694e+05 8.313694e+05 8.329080e+05
20600 4.815621e+03 1.368063e+05 2.432140e+04 3.798259e+06 2.644120e+05 5.392340e+05 8.361023e+05 8.375911e+05
20700 4.910762e+03 1.370984e+05 2.448461e+04 3.786575e+06 2.651895e+05 5.415097e+05 8.401393e+05 8.416415e+05
20800 5.066066e+03 1.374957e+05 2.273013e+04 3.776084e+06 2.645127e+05 5.457685e+05 8.441816e+05 8.457165e+05
20900 5.171173e+03 1.382499e+05 1.989286e+04 3.765796e+06 2.627539e+05 5.504183e+05 8.488181e+05 8.504631e+05
21000 5.218365e+03 1.401814e+05 1.683951e+04 3.754922e+06 2.604082e+05 5.555589e+05 8.533303e+05 8.551179e+05
21100 5.290646e+03 1.418400e+05 1.497522e+04 3.744642e+06 2.587145e+05 5.606662e+05 8.568199e+05 8.586375e+05
21200 5.400095e+03 1.415714e+05 1.385343e+04 3.735974e+06 2.572345e+05 5.649026e+05 8.603950e+05 8.622596e+05
21300 5.508864e+03 1.395400e+05 1.327933e+04 3.729445e+06 2.555880e+05 5.661346e+05 8.650771e+05 8.670185e+05
21400 5.566109e+03 1.393783e+05 1.293087e+04 3.722898e+06 2.539791e+05 5.680322e+05 8.684357e+05 8.703768e+05
21500 5.556106e+03 1.404910e+05 1.283690e+04 3.716229e+06 2.527533e+05 5.710622e+05 8.703647e+05 8.723105e+05
21600 5.478761e+03 1.421443e+05 1.295999e+04 3.707673e+06 2.523109e+05 5.742601e+05 8.723397e+05 8.744425e+05
21700 5.340276e+03 1.436176e+05 1.290415e+04 3.699139e+06 2.532086e+05 5.765453e+05 8.742894e+05 8.765697e+05
21800 5.220908e+03 1.445867e+05 1.252867e+04 3.690143e+06 2.557296e+05 5.781722e+05 8.763363e+05 8.788980e+05
21900 5.139544e+03 1.465360e+05 1.188199e+04 3.679651e+06 2.591885e+05 5.808677e+05 8.777851e+05 8.805681e+05
22000 5.042419e+03 1.465211e+05 1.113259e+04 3.669382e+06 2.630842e+05 5.852875e+05 8.791472e+05 8.820232e+05
22100 4.963983e+03 1.459814e+05 1.073699e+04 3.657903e+06 2.674094e+05 5.913709e+05 8.801602e+05 8.830989e+05
22200 4.895337e+03 1.446971e+05 1.091784e+04 3.645781e+06 2.721608e+05 5.979903e+05 8.811037e+05 8.840828e+05
22300 4.806010e+03 1.450804e+05 1.155226e+04 3.632565e+06 2.768989e+05 6.031844e+05 8.823219e+05 8.852283e+05
22400 4.758172e+03 1.449312e+05 1.223049e+04 3.620051e+06 2.809546e+05 6.077978e+05 8.840079e+05 8.869138e+05
22500 4.739971e+03 1.429909e+05 1.226857e+04 3.608763e+06 2.848124e+05 6.123627e+05 8.864764e+05 8.892364e+05
22600 4.845201e+03 1.421842e+05 1.175248e+04 3.597265e+06 2.885240e+05 6.155529e+05 8.894219e+05 8.921106e+05
22700 4.968186e+03 1.413351e+05 1.161247e+04 3.585847e+06 2.905624e+05 6.190085e+05 8.928354e+05 8.954918e+05
22800 4.982956e+03 1.393671e+05 1.188865e+04 3.575181e+06 2.905300e+05 6.238114e+05 8.966137e+05 8.992913e+05
22900 4.879806e+03 1.383076e+05 1.218799e+04 3.566046e+06 2.894940e+05 6.308090e+05 8.987171e+05 9.012317e+05
23000 4.761008e+03 1.371007e+05 1.224136e+04 3.556859e+06 2.881798e+05 6.366764e+05 9.017415e+05 9.041170e+05
23100 4.721878e+03 1.363059e+05 1.215754e+04 3.548087e+06 2.866550e+05 6.414353e+05 9.050015e+05 9.073181e+05
23200 4.889145e+03 1.357312e+05 1.212075e+04 3.539939e+06 2.847015e+05 6.449659e+05 9.084899e+05 9.108514e+05
23300 5.163293e+03 1.356647e+05 1.221987e+04 3.530897e+06 2.825573e+05 6.472093e+05 9.127198e+05 9.152650e+05
23400 5.342319e+03 1.359341e+05 1.246679e+04 3.521583e+06 2.804730e+05 6.486591e+05 9.172355e+05 9.200086e+05
23500 5.387892e+03 1.354529e+05 1.276122e+04 3.513244e+06 2.785108e+05 6.512199e+05 9.212252e+05 9.239075e+05
23600 5.355943e+03 1.339905e+05 1.289882e+04 3.505843e+06 2.763098e+05 6.553931e+05 9.245661e+05 9.273597e+05
23700 5.299007e+03 1.324917e+05 1.286137e+04 3.498775e+06 2.742421e+05 6.592748e+05 9.279431e+05 9.308369e+05
23800 5.261686e+03 1.313268e+05 1.261682e+04 3.492228e+06 2.727068e+05 6.629288e+05 9.308334e+05 9.338286e+05
23900 5.159666e+03 1.303313e+05 1.238446e+04 3.486074e+06 2.712683e+05 6.673699e+05 9.329621e+05 9.361884e+05
24000 5.018636e+03 1.298574e+05 1.232220e+04 3.480737e+06 2.696800e+05 6.717328e+05 9.345719e+05 9.378265e+05
24100 4.880462e+03 1.302801e+05 1.262315e+04 3.475903e+06 2.685075e+05 6.749313e+05 9.357991e+05 9.388302e+05
24200 4.726188e+03 1.307519e+05 1.299736e+04 3.472112e+06 2.678609e+05 6.764905e+05 9.370517e+05 9.397739e+05
24300 4.560704e+03 1.317381e+05 1.348163e+04 3.468568e+06 2.673591e+05 6.767128e+05 9.383792e+05 9.409744e+05
24400 4.426066e+03 1.326176e+05 1.400936e+04 3.464910e+06 2.666153e+05 6.772709e+05 9.396524e+05 9.422830e+05
24500 4.341980e+03 1.329734e+05 1.450870e+04 3.461610e+06 2.653883e+05 6.780078e+05 9.411133e+05 9.438509e+05
24600 4.350046e+03 1.333220e+05 1.508226e+04 3.457985e+06 2.636064e+05 6.793630e+05 9.426327e+05 9.454625e+05
24700 4.434675e+03 1.335732e+05 1.574580e+04 3.454813e+06 2.615465e+05 6.800694e+05 9.444209e+05 9.472101e+05
24800 4.548207e+03 1.356657e+05 1.642089e+04 3.450586e+06 2.597289e+05 6.786275e+05 9.468097e+05 9.494374e+05
24900 4.599577e+03 1.380271e+05 1.700218e+04 3.446298e+06 2.582819e+05 6.758807e+05 9.496617e+05 9.520830e+05
25000 4.575743e+03 1.409479e+05 1.744525e+04 3.441061e+06 2.568536e+05 6.731865e+05 9.528214e+05 9.549536e+05
25100 4.553178e+03 1.427854e+05 1.773784e+04 3.436040e+06 2.553382e+05 6.707932e+05 9.563514e+05 9.582546e+05
25200 4.582410e+03 1.452786e+05 1.791172e+04 3.429586e+06 2.538704e+05 6.681681e+05 9.603009e+05 9.621648e+05
25300 4.685039e+03 1.479028e+05 1.794581e+04 3.422539e+06 2.522200e+05 6.655220e+05 9.645984e+05 9.664599e+05
25400 4.847793e+03 1.509341e+05 1.783593e+04 3.414630e+06 2.505986e+05 6.630948e+05 9.689996e+05 9.709428e+05
25500 5.094715e+03 1.529339e+05 1.758806e+04 3.406449e+06 2.495092e+05 6.617302e+05 9.732657e+05 9.753220e+05
25600 5.444296e+03 1.547403e+05 1.731204e+04 3.398148e+06 2.488627e+05 6.601933e+05 9.775338e+05 9.796674e+05
25700 5.850813e+03 1.566082e+05 1.725910e+04 3.390199e+06 2.482995e+05 6.577544e+05 9.818605e+05 9.840804e+05
25800 6.279423e+03 1.569103e+05 1.742618e+04 3.382620e+06 2.477361e+05 6.555058e+05 9.865078e+05 9.889354e+05
25900 6.688536e+03 1.558279e+05 1.767509e+04 3.375402e+06 2.475213e+05 6.544242e+05 9.908785e+05 9.935117e+05
26000 6.999467e+03 1.538670e+05 1.790373e+04 3.368702e+06 2.479745e+05 6.534949e+05 9.951119e+05 9.978823e+05
26100 7.201243e+03 1.529609e+05 1.808281e+04 3.361867e+06 2.490400e+05 6.516070e+05 9.991948e+05 1.001990e+06
26200 7.304090e+03 1.524198e+05 1.821739e+04 3.355435e+06 2.505039e+05 6.489393e+05 1.003220e+06 1.005913e+06
26300 7.289952e+03 1.515683e+05 1.837234e+04 3.349604e+06 2.521166e+05 6.462840e+05 1.007111e+06 1.009613e+06
26400 7.159476e+03 1.509184e+05 1.857859e+04 3.343915e+06 2.537009e+05 6.431121e+05 1.011116e+06 1.013468e+06
26500 6.894219e+03 1.515630e+05 1.886002e+04 3.338020e+06 2.553714e+05 6.385880e+05 1.015275e+06 1.017405e+06
26600 6.500202e+03 1.524256e+05 1.931058e+04 3.331888e+06 2.573866e+05 6.334443e+05 1.019585e+06 1.021446e+06
26700 5.983190e+03 1.532424e+05 1.996197e+04 3.325220e+06 2.595734e+05 6.289317e+05 1.023759e+06 1.025324e+06
26800 5.397441e+03 1.538765e+05 2.069546e+04 3.318367e+06 2.613359e+05 6.257883e+05 1.027622e+06 1.028922e+06
26900 4.829757e+03 1.531188e+05 2.141811e+04 3.312374e+06 2.623411e+05 6.246277e+05 1.031102e+06 1.032201e+06
27000 4.325857e+03 1.517178e+05 2.201277e+04 3.307285e+06 2.628683e+05 6.252559e+05 1.033793e+06 1.034761e+06
27100 3.901989e+03 1.523830e+05 2.225309e+04 3.301795e+06 2.633474e+05 6.258496e+05 1.035881e+06 1.036617e+06
27200 3.558313e+03 1.537028e+05 2.219441e+04 3.296651e+06 2.637392e+05 6.258498e+05 1.037894e+06 1.038447e+06
27300 3.275971e+03 1.542749e+05 2.216414e+04 3.292350e+06 2.637788e+05 6.250026e+05 1.040375e+06 1.040824e+06
27400 3.066724e+03 1.550332e+05 2.216872e+04 3.287489e+06 2.635322e+05 6.233064e+05 1.043479e+06 1.043978e+06
27500 2.947466e+03 1.546269e+05 2.206935e+04 3.282357e+06 2.631659e+05 6.217968e+05 1.047248e+06 1.047848e+06
27600 2.903746e+03 1.535726e+05 2.185934e+04 3.277343e+06 2.627824e+05 6.198736e+05 1.051515e+06 1.052216e+06
27700 2.909660e+03 1.525194e+05 2.151053e+04 3.272182e+06 2.624318e+05 6.160443e+05 1.056815e+06 1.057661e+06
27800 2.945266e+03 1.516827e+05 2.091141e+04 3.267406e+06 2.623087e+05 6.097083e+05 1.063066e+06 1.064053e+06
27900 2.951628e+03 1.516662e+05 2.028663e+04 3.262218e+06 2.623230e+05 6.015556e+05 1.069986e+06 1.071103e+06
28000 2.858345e+03 1.523821e+05 1.983731e+04 3.256223e+06 2.622080e+05 5.919586e+05 1.077715e+06 1.078915e+06
28100 2.633276e+03 1.516511e+05 1.933043e+04 3.250625e+06 2.620947e+05 5.841278e+05 1.085169e+06 1.086469e+06
28200 2.313533e+03 1.496602e+05 1.869440e+04 3.246000e+06 2.619993e+05 5.781441e+05 1.092001e+06 1.093288e+06
28300 2.007069e+03 1.475765e+05 1.805207e+04 3.241128e+06 2.615520e+05 5.731232e+05 1.098731e+06 1.099932e+06
28400 1.792872e+03 1.460147e+05 1.745187e+04 3.235610e+06 2.604969e+05 5.693260e+05 1.105172e+06 1.106239e+06
28500 1.665406e+03 1.448258e+05 1.689877e+04 3.229573e+06 2.589028e+05 5.670881e+05 1.111063e+06 1.112087e+06
28600 1.593525e+03 1.423230e+05 1.650649e+04 3.225006e+06 2.567043e+05 5.662107e+05 1.116383e+06 1.117375e+06
28700 1.565575e+03 1.389928e+05 1.624387e+04 3.221187e+06 2.535993e+05 5.683368e+05 1.120583e+06 1.121592e+06
28800 1.626568e+03 1.377963e+05 1.587333e+04 3.217194e+06 2.497617e+05 5.706986e+05 1.124023e+06 1.125127e+06
28900 1.816755e+03 1.370685e+05 1.527397e+04 3.213734e+06 2.454857e+05 5.743842e+05 1.126497e+06 1.127844e+06
29000 2.120795e+03 1.361649e+05 1.455598e+04 3.210720e+06 2.410232e+05 5.788202e+05 1.128588e+06 1.130115e+06
29100 2.545542e+03 1.366134e+05 1.372028e+04 3.208923e+06 2.365955e+05 5.826221e+05 1.129694e+06 1.131400e+06
29200 3.034872e+03 1.372076e+05 1.287751e+04 3.208233e+06 2.324185e+05 5.871454e+05 1.129581e+06 1.131621e+06
29300 3.377786e+03 1.381704e+05 1.203899e+04 3.208410e+06 2.285600e+05 5.922633e+05 1.128409e+06 1.130900e+06
29400 3.352721e+03 1.395902e+05 1.133462e+04 3.209495e+06 2.250908e+05 5.964096e+05 1.127032e+06 1.129832e+06
29500 3.053609e+03 1.410163e+05 1.091949e+04 3.210840e+06 2.220096e+05 5.989103e+05 1.126335e+06 1.129059e+06
29600 2.719778e+03 1.425729e+05 1.080573e+04 3.212236e+06 2.189376e+05 6.001897e+05 1.126032e+06 1.128657e+06
29700 2.433779e+03 1.431528e+05 1.088284e+04 3.214552e+06 2.156674e+05 6.010441e+05 1.125886e+06 1.128537e+06
29800 2.255778e+03 1.440096e+05 1.099366e+04 3.217618e+06 2.124145e+05 6.009901e+05 1.125575e+06 1.128306e+06
29900 2.267644e+03 1.456386e+05 1.103160e+04 3.220097e+06 2.094168e+05 5.994532e+05 1.125675e+06 1.128589e+06
30000 2.494503e+03 1.468309e+05 1.112430e+04 3.223498e+06 2.065392e+05 5.966619e+05 1.125937e+06 1.129091e+06
30100 2.884312e+03 1.479365e+05 1.135728e+04 3.227837e+06 2.038795e+05 5.924781e+05 1.126213e+06 1.129599e+06
30200 3.324697e+03 1.495850e+05 1.177331e+04 3.231316e+06 2.017119e+05 5.876602e+05 1.126572e+06 1.130249e+06
30300 3.650814e+03 1.500461e+05 1.235952e+04 3.234960e+06 2.001570e+05 5.828775e+05 1.127122e+06 1.131027e+06
30400 3.759814e+03 1.505042e+05 1.316199e+04 3.238181e+06 1.992430e+05 5.772770e+05 1.128045e+06 1.132036e+06
30500 3.597148e+03 1.508297e+05 1.413759e+04 3.240634e+06 1.989105e+05 5.713883e+05 1.129391e+06 1.133326e+06
30600 3.225932e+03 1.506298e+05 1.523980e+04 3.242891e+06 1.990236e+05 5.658630e+05 1.130796e+06 1.134553e+06
30700 2.842762e+03 1.488837e+05 1.640331e+04 3.245844e+06 1.991976e+05 5.610071e+05 1.132265e+06 1.135784e+06
30800 2.512887e+03 1.478791e+05 1.763038e+04 3.246962e+06 1.991920e+05 5.570694e+05 1.133832e+06 1.137156e+06
30900 2.240172e+03 1.459277e+05 1.888003e+04 3.247634e+06 1.989410e+05 5.547306e+05 1.135318e+06 1.138568e+06
31000 2.042493e+03 1.442841e+05 2.006376e+04 3.248118e+06 1.985384e+05 5.529264e+05 1.136498e+06 1.139773e+06
31100 1.888289e+03 1.438092e+05 2.108976e+04 3.248221e+06 1.981698e+05 5.505562e+05 1.137578e+06 1.140938e+06
31200 1.796926e+03 1.438320e+05 2.194577e+04 3.248272e+06 1.979266e+05 5.476941e+05 1.138665e+06 1.142124e+06
31300 1.786149e+03 1.443368e+05 2.264940e+04 3.247190e+06 1.978178e+05 5.451217e+05 1.139887e+06 1.143474e+06
31400 1.826248e+03 1.448187e+05 2.324521e+04 3.244803e+06 1.978484e+05 5.433453e+05 1.141310e+06 1.145074e+06
31500 1.848127e+03 1.452898e+05 2.377600e+04 3.241681e+06 1.980579e+05 5.414740e+05 1.143129e+06 1.147024e+06
31600 1.842336e+03 1.452253e+05 2.427502e+04 3.238370e+06 1.984098e+05 5.396151e+05 1.145286e+06 1.149263e+06
31700 1.854561e+03 1.439153e+05 2.474702e+04 3.235162e+06 1.988086e+05 5.386429e+05 1.147565e+06 1.151598e+06
31800 1.919865e+03 1.428376e+05 2.514927e+04 3.230774e+06 1.993095e+05 5.379655e+05 1.150120e+06 1.154223e+06
31900 2.019610e+03 1.430247e+05 2.544004e+04 3.225028e+06 2.000394e+05 5.375744e+05 1.152451e+06 1.156731e+06
32000 2.143686e+03 1.428459e+05 2.559428e+04 3.218802e+06 2.010619e+05 5.376269e+05 1.154956e+06 1.159286e+06
32100 2.317835e+03 1.420739e+05 2.562469e+04 3.211883e+06 2.022435e+05 5.385575e+05 1.157635e+06 1.161988e+06
32200 2.563947e+03 1.405081e+05 2.561930e+04 3.204482e+06 2.033763e+05 5.406399e+05 1.160432e+06 1.164710e+06
32300 2.867240e+03 1.383397e+05 2.565095e+04 3.196683e+06 2.043645e+05 5.436664e+05 1.163291e+06 1.167475e+06
32400 3.165512e+03 1.354537e+05 2.576425e+04 3.188994e+06 2.052469e+05 5.472176e+05 1.166249e+06 1.170253e+06
32500 3.418218e+03 1.331529e+05 2.602283e+04 3.180585e+06 2.060864e+05 5.503167e+05 1.169461e+06 1.173307e+06
32600 3.598561e+03 1.324827e+05 2.638630e+04 3.171508e+06 2.069298e+05 5.521370e+05 1.172790e+06 1.176525e+06
32700 3.684227e+03 1.330780e+05 2.676683e+04 3.161694e+06 2.079475e+05 5.531700e+05 1.176151e+06 1.179874e+06
32800 3.660848e+03 1.343377e+05 2.706881e+04 3.151653e+06 2.092686e+05 5.537628e+05 1.179458e+06 1.183165e+06
32900 3.542495e+03 1.362945e+05 2.727088e+04 3.140896e+06 2.108443e+05 5.545799e+05 1.182612e+06 1.186343e+06
33000 3.357328e+03 1.390313e+05 2.735165e+04 3.129320e+06 2.124983e+05 5.555866e+05 1.185781e+06 1.189467e+06
33100 3.137509e+03 1.422131e+05 2.734724e+04 3.117051e+06 2.140167e+05 5.571829e+05 1.188899e+06 1.192555e+06
33200 2.896603e+03 1.448221e+05 2.729313e+04 3.104317e+06 2.152510e+05 5.600017e+05 1.192099e+06 1.195733e+06
33300 2.658403e+03 1.466734e+05 2.719921e+04 3.091362e+06 2.161647e+05 5.640137e+05 1.195348e+06 1.199002e+06
33400 2.451604e+03 1.488605e+05 2.701576e+04 3.077590e+06 2.168080e+05 5.684154e+05 1.198795e+06 1.202496e+06
33500 2.290811e+03 1.512542e+05 2.674969e+04 3.063286e+06 2.172165e+05 5.728298e+05 1.202588e+06 1.206228e+06
33600 2.182536e+03 1.525340e+05 2.644375e+04 3.049383e+06 2.174369e+05 5.776283e+05 1.206678e+06 1.210165e+06
33700 2.117727e+03 1.535287e+05 2.612739e+04 3.035408e+06 2.175258e+05 5.822792e+05 1.211082e+06 1.214391e+06
33800 2.084151e+03 1.539671e+05 2.583343e+04 3.021782e+06 2.175272e+05 5.865892e+05 1.215749e+06 1.218937e+06
33900 2.059346e+03 1.536815e+05 2.560025e+04 3.008582e+06 2.174719e+05 5.906730e+05 1.220637e+06 1.223771e+06
34000 2.037641e+03 1.537199e+05 2.542262e+04 2.995525e+06 2.173880e+05 5.938078e+05 1.225746e+06 1.228837e+06
34100 2.021622e+03 1.523832e+05 2.531382e+04 2.983464e+06 2.172759e+05 5.973329e+05 1.230830e+06 1.233871e+06
34200 2.015455e+03 1.506426e+05 2.525239e+04 2.972009e+06 2.171361e+05 6.009705e+05 1.235742e+06 1.238730e+06
34300 2.018052e+03 1.481773e+05 2.521906e+04 2.962165e+06 2.169829e+05 6.042520e+05 1.240431e+06 1.243259e+06
34400 2.018685e+03 1.476244e+05 2.519692e+04 2.951365e+06 2.168608e+05 6.066386e+05 1.245074e+06 1.247734e+06
34500 2.006110e+03 1.480415e+05 2.513552e+04 2.939829e+06 2.168051e+05 6.082916e+05 1.249937e+06 1.252474e+06
34600 1.982222e+03 1.491450e+05 2.501221e+04 2.927852e+06 2.168307e+05 6.096497e+05 1.254845e+06 1.257210e+06
34700 1.954314e+03 1.500514e+05 2.474829e+04 2.916234e+06 2.169555e+05 6.114490e+05 1.259490e+06 1.261653e+06
34800 1.929252e+03 1.521269e+05 2.431798e+04 2.903518e+06 2.172152e+05 6.137668e+05 1.263854e+06 1.265817e+06
34900 1.907877e+03 1.546478e+05 2.372451e+04 2.889964e+06 2.176698e+05 6.165262e+05 1.268144e+06 1.269969e+06
35000 1.889002e+03 1.566107e+05 2.292820e+04 2.876469e+06 2.183795e+05 6.199295e+05 1.272263e+06 1.274092e+06
35100 1.884819e+03 1.590740e+05 2.191812e+04 2.862797e+06 2.194066e+05 6.233130e+05 1.276169e+06 1.278007e+06
35200 1.887665e+03 1.618923e+05 2.070130e+04 2.849055e+06 2.207888e+05 6.266792e+05 1.279878e+06 1.281697e+06
35300 1.893218e+03 1.632616e+05 1.936064e+04 2.835759e+06 2.224750e+05 6.304446e+05 1.283789e+06 1.285603e+06
35400 1.902310e+03 1.633285e+05 1.798698e+04 2.822553e+06 2.243572e+05 6.346367e+05 1.288004e+06 1.289823e+06
35500 1.907620e+03 1.639207e+05 1.666211e+04 2.809712e+06 2.263258e+05 6.382455e+05 1.291994e+06 1.293830e+06
35600 1.913426e+03 1.639451e+05 1.548380e+04 2.797478e+06 2.282167e+05 6.419477e+05 1.295912e+06 1.297709e+06
35700 1.925663e+03 1.639094e+05 1.454863e+04 2.784940e+06 2.298745e+05 6.454964e+05 1.300073e+06 1.301844e+06
35800 1.937260e+03 1.640900e+05 1.387781e+04 2.772753e+06 2.311995e+05 6.487535e+05 1.304139e+06 1.305869e+06
35900 1.934437e+03 1.640980e+05 1.344766e+04 2.761188e+06 2.322276e+05 6.515574e+05 1.308253e+06 1.309921e+06
36000 1.913756e+03 1.645268e+05 1.316234e+04 2.749659e+06 2.330548e+05 6.534724e+05 1.312611e+06 1.314236e+06
36100 1.890966e+03 1.643682e+05 1.294308e+04 2.737956e+06 2.337709e+05 6.554532e+05 1.317301e+06 1.318960e+06
36200 1.878881e+03 1.635435e+05 1.273347e+04 2.725907e+06 2.344521e+05 6.576579e+05 1.322356e+06 1.324122e+06
36300 1.886537e+03 1.629508e+05 1.252231e+04 2.713170e+06 2.351285e+05 6.598876e+05 1.327641e+06 1.329473e+06
36400 1.922300e+03 1.626920e+05 1.237502e+04 2.700404e+06 2.357366e+05 6.618615e+05 1.332909e+06 1.334768e+06
36500 1.990763e+03 1.614645e+05 1.237293e+04 2.687657e+06 2.361607e+05 6.640170e+05 1.338563e+06 1.340449e+06
36600 2.087388e+03 1.603127e+05 1.255235e+04 2.674405e+06 2.363567e+05 6.662185e+05 1.344387e+06 1.346364e+06
36700 2.202065e+03 1.593790e+05 1.283114e+04 2.660885e+06 2.364490e+05 6.681812e+05 1.350329e+06 1.352435e+06
36800 2.328386e+03 1.583469e+05 1.306112e+04 2.647644e+06 2.366902e+05 6.697170e+05 1.356339e+06 1.358572e+06
36900 2.456931e+03 1.578714e+05 1.313741e+04 2.634462e+06 2.373103e+05 6.702072e+05 1.362470e+06 1.364792e+06
37000 2.575288e+03 1.582726e+05 1.301199e+04 2.620851e+06 2.384207e+05 6.689688e+05 1.369104e+06 1.371512e+06
37100 2.677970e+03 1.586256e+05 1.264977e+04 2.606637e+06 2.400000e+05 6.685658e+05 1.375566e+06 1.378003e+06
37200 2.754644e+03 1.582236e+05 1.205996e+04 2.592391e+06 2.420005e+05 6.694433e+05 1.381695e+06 1.384165e+06
37300 2.795870e+03 1.569900e+05 1.129831e+04 2.578005e+06 2.444193e+05 6.717175e+05 1.387495e+06 1.390019e+06
37400 2.792610e+03 1.560580e+05 1.041975e+04 2.563244e+06 2.472296e+05 6.735590e+05 1.393443e+06 1.396003e+06
37500 2.747825e+03 1.560081e+05 9.518444e+03 2.548241e+06 2.502893e+05 6.741420e+05 1.399625e+06 1.402185e+06
37600 2.677665e+03 1.557024e+05 8.705780e+03 2.533693e+06 2.532996e+05 6.741612e+05 1.405977e+06 1.408549e+06
37700 2.606280e+03 1.552753e+05 8.057857e+03 2.519525e+06 2.560493e+05 6.739331e+05 1.412367e+06 1.414960e+06
37800 2.556103e+03 1.546299e+05 7.602837e+03 2.505538e+06 2.584570e+05 6.738126e+05 1.418775e+06 1.421409e+06
37900 2.541081e+03 1.545619e+05 7.280488e+03 2.490957e+06 2.605038e+05 6.736159e+05 1.425360e+06 1.427968e+06
38000 2.561328e+03 1.558654e+05 6.999369e+03 2.475730e+06 2.622304e+05 6.727043e+05 1.432087e+06 1.434619e+06
38100 2.618454e+03 1.576023e+05 6.786860e+03 2.460745e+06 2.635107e+05 6.715406e+05 1.438774e+06 1.441229e+06
38200 2.693639e+03 1.587025e+05 6.693235e+03 2.446323e+06 2.642354e+05 6.708620e+05 1.445434e+06 1.447873e+06
38300 2.771976e+03 1.594482e+05 6.677249e+03 2.432235e+06 2.644646e+05 6.701617e+05 1.452303e+06 1.454762e+06
38400 2.850753e+03 1.597804e+05 6.679737e+03 2.418284e+06 2.644173e+05 6.697827e+05 1.459278e+06 1.461760e+06
38500 2.912331e+03 1.592014e+05 6.678461e+03 2.404918e+06 2.643074e+05 6.702419e+05 1.466026e+06 1.468553e+06
38600 2.937465e+03 1.576083e+05 6.685991e+03 2.391980e+06 2.642343e+05 6.716905e+05 1.472594e+06 1.475115e+06
38700 2.926917e+03 1.541012e+05 6.709127e+03 2.379799e+06 2.641749e+05 6.737682e+05 1.479446e+06 1.481926e+06
38800 2.901589e+03 1.490135e+05 6.715561e+03 2.367908e+06 2.641395e+05 6.772862e+05 1.486197e+06 1.488694e+06
38900 2.873558e+03 1.439092e+05 6.650429e+03 2.355579e+06 2.641534e+05 6.812475e+05 1.492937e+06 1.495510e+06
39000 2.846804e+03 1.395311e+05 6.503000e+03 2.342727e+06 2.642140e+05 6.844035e+05 1.499968e+06 1.502670e+06
39100 2.825165e+03 1.369775e+05 6.246587e+03 2.330203e+06 2.644080e+05 6.857380e+05 1.506849e+06 1.509621e+06
39200 2.813648e+03 1.360855e+05 5.880614e+03 2.317721e+06 2.647460e+05 6.860001e+05 1.513375e+06 1.516254e+06
39300 2.813927e+03 1.358008e+05 5.478488e+03 2.304812e+06 2.651452e+05 6.863037e+05 1.519750e+06 1.522780e+06
39400 2.821574e+03 1.348915e+05 5.104551e+03 2.291125e+06 2.656030e+05 6.866954e+05 1.526763e+06 1.529888e+06
39500 2.830026e+03 1.333250e+05 4.770275e+03 2.278668e+06 2.661178e+05 6.871429e+05 1.533419e+06 1.536625e+06
39600 2.828271e+03 1.311416e+05 4.488235e+03 2.266460e+06 2.666985e+05 6.882352e+05 1.539909e+06 1.543144e+06
39700 2.802308e+03 1.275492e+05 4.238121e+03 2.255756e+06 2.673995e+05 6.904798e+05 1.545708e+06 1.548977e+06
39800 2.741712e+03 1.231065e+05 4.011838e+03 2.245757e+06 2.682385e+05 6.933132e+05 1.551226e+06 1.554520e+06
39900 2.649575e+03 1.186505e+05 3.806173e+03 2.235891e+06 2.691873e+05 6.968160e+05 1.556285e+06 1.559634e+06
40000 2.541470e+03 1.143993e+05 3.642305e+03 2.226673e+06 2.702088e+05 7.007484e+05 1.560634e+06 1.564077e+06
40100 2.428645e+03 1.104679e+05 3.543660e+03 2.218147e+06 2.712537e+05 7.049082e+05 1.564332e+06 1.567848e+06
40200 2.314571e+03 1.071879e+05 3.520818e+03 2.210030e+06 2.722767e+05 7.085007e+05 1.567789e+06 1.571315e+06
40300 2.204868e+03 1.046477e+05 3.552285e+03 2.202357e+06 2.732272e+05 7.112170e+05 1.571107e+06 1.574629e+06
40400 2.107797e+03 1.027665e+05 3.617832e+03 2.194269e+06 2.740497e+05 7.132268e+05 1.574693e+06 1.578218e+06
40500 2.022869e+03 1.017483e+05 3.667812e+03 2.185659e+06 2.747023e+05 7.144792e+05 1.578546e+06 1.582130e+06
40600 1.957127e+03 1.014012e+05 3.648309e+03 2.177322e+06 2.751223e+05 7.146549e+05 1.582591e+06 1.586266e+06
40700 1.906401e+03 1.011842e+05 3.542324e+03 2.169704e+06 2.752197e+05 7.143513e+05 1.586665e+06 1.590399e+06
40800 1.879430e+03 1.004212e+05 3.375744e+03 2.163245e+06 2.748572e+05 7.146409e+05 1.590378e+06 1.594183e+06
40900 1.876062e+03 9.897043e+04 3.193456e+03 2.158265e+06 2.739030e+05 7.163003e+05 1.593393e+06 1.597087e+06
41000 1.882943e+03 9.688497e+04 3.018620e+03 2.153300e+06 2.723229e+05 7.188910e+05 1.596539e+06 1.600156e+06
41100 1.874951e+03 9.359542e+04 2.881407e+03 2.148917e+06 2.702408e+05 7.226252e+05 1.599671e+06 1.603195e+06
41200 1.861701e+03 9.047999e+04 2.773164e+03 2.144202e+06 2.678076e+05 7.263068e+05 1.603060e+06 1.606516e+06
41300 1.863562e+03 8.818587e+04 2.686097e+03 2.139105e+06 2.651656e+05 7.294009e+05 1.606577e+06 1.610030e+06
41400 1.894866e+03 8.550873e+04 2.591015e+03 2.134361e+06 2.624613e+05 7.322997e+05 1.610230e+06 1.613674e+06
41500 1.949694e+03 8.332953e+04 2.480043e+03 2.129838e+06 2.598465e+05 7.347749e+05 1.613677e+06 1.617131e+06
41600 2.019186e+03 8.275787e+04 2.375239e+03 2.124713e+06 2.574303e+05 7.364977e+05 1.616895e+06 1.620345e+06
41700 2.091681e+03 8.299453e+04 2.313006e+03 2.119620e+06 2.552648e+05 7.378864e+05 1.619699e+06 1.623173e+06
41800 2.156875e+03 8.369285e+04 2.317639e+03 2.115315e+06 2.533449e+05 7.385903e+05 1.622034e+06 1.625598e+06
41900 2.203126e+03 8.441072e+04 2.411605e+03 2.112022e+06 2.516679e+05 7.389596e+05 1.623874e+06 1.627510e+06
42000 2.227439e+03 8.518844e+04 2.588285e+03 2.108915e+06 2.502467e+05 7.393632e+05 1.625410e+06 1.629129e+06
42100 2.222436e+03 8.647656e+04 2.808009e+03 2.105822e+06 2.491070e+05 7.395006e+05 1.626683e+06 1.630458e+06
42200 2.195472e+03 8.754076e+04 3.031242e+03 2.103283e+06 2.482572e+05 7.394024e+05 1.627794e+06 1.631584e+06
42300 2.163758e+03 8.756352e+04 3.221891e+03 2.102037e+06 2.476577e+05 7.387866e+05 1.628938e+06 1.632728e+06
42400 2.144963e+03 8.660165e+04 3.351270e+03 2.101854e+06 2.472221e+05 7.375457e+05 1.630299e+06 1.634086e+06
42500 2.154885e+03 8.552733e+04 3.433665e+03 2.101676e+06 2.468580e+05 7.360103e+05 1.631832e+06 1.635620e+06
42600 2.197897e+03 8.504123e+04 3.492573e+03 2.100713e+06 2.464586e+05 7.345276e+05 1.633438e+06 1.637252e+06
42700 2.264221e+03 8.525969e+04 3.538286e+03 2.099658e+06 2.459742e+05 7.328575e+05 1.634877e+06 1.638701e+06
42800 2.333772e+03 8.545390e+04 3.576048e+03 2.099136e+06 2.454382e+05 7.315671e+05 1.635927e+06 1.639707e+06
42900 2.389697e+03 8.608447e+04 3.590811e+03 2.098776e+06 2.449143e+05 7.303301e+05 1.636707e+06 1.640356e+06
43000 2.413231e+03 8.658845e+04 3.577837e+03 2.098399e+06 2.444663e+05 7.298817e+05 1.637171e+06 1.640659e+06
43100 2.405879e+03 8.707410e+04 3.520425e+03 2.098302e+06 2.440894e+05 7.298897e+05 1.637263e+06 1.640621e+06
43200 2.392329e+03 8.747298e+04 3.424193e+03 2.099027e+06 2.438275e+05 7.291669e+05 1.637268e+06 1.640596e+06
43300 2.372535e+03 8.835273e+04 3.312442e+03 2.100514e+06 2.436587e+05 7.269333e+05 1.637364e+06 1.640677e+06
43400 2.352117e+03 8.941662e+04 3.220675e+03 2.102841e+06 2.436028e+05 7.242107e+05 1.637097e+06 1.640453e+06
43500 2.324713e+03 9.109053e+04 3.153984e+03 2.105541e+06 2.436488e+05 7.212631e+05 1.636355e+06 1.639825e+06
43600 2.271585e+03 9.382270e+04 3.113565e+03 2.108033e+06 2.437773e+05 7.178265e+05 1.635420e+06 1.638948e+06
43700 2.195766e+03 9.730668e+04 3.089153e+03 2.110167e+06 2.439238e+05 7.143253e+05 1.634313e+06 1.637900e+06
43800 2.108108e+03 1.010726e+05 3.052782e+03 2.112270e+06 2.440169e+05 7.106614e+05 1.633188e+06 1.636861e+06
43900 2.041391e+03 1.041947e+05 2.986526e+03 2.115105e+06 2.439566e+05 7.071167e+05 1.632042e+06 1.635798e+06
44000 2.013246e+03 1.053942e+05 2.884368e+03 2.119994e+06 2.436627e+05 7.044394e+05 1.630558e+06 1.634304e+06
44100 2.022787e+03 1.052699e+05 2.770643e+03 2.126516e+06 2.430583e+05 7.019683e+05 1.628947e+06 1.632704e+06
44200 2.058341e+03 1.046866e+05 2.663559e+03 2.133264e+06 2.421043e+05 6.998764e+05 1.627438e+06 1.631173e+06
44300 2.100771e+03 1.040784e+05 2.593452e+03 2.139856e+06 2.408318e+05 6.981076e+05 1.626002e+06 1.629702e+06
44400 2.127735e+03 1.035332e+05 2.564725e+03 2.146415e+06 2.393251e+05 6.961593e+05 1.624760e+06 1.628395e+06
44500 2.140032e+03 1.024958e+05 2.560145e+03 2.153215e+06 2.376535e+05 6.941878e+05 1.623771e+06 1.627264e+06
44600 2.134295e+03 1.021605e+05 2.570985e+03 2.159675e+06 2.358357e+05 6.919815e+05 1.622797e+06 1.626141e+06
44700 2.079242e+03 1.023939e+05 2.609456e+03 2.165888e+06 2.339381e+05 6.896334e+05 1.621713e+06 1.625049e+06
44800 1.992394e+03 1.020660e+05 2.668526e+03 2.172643e+06 2.320279e+05 6.876266e+05 1.620456e+06 1.623832e+06
44900 1.895429e+03 1.016893e+05 2.741616e+03 2.179663e+06 2.301384e+05 6.852540e+05 1.619258e+06 1.622680e+06
45000 1.813844e+03 1.014366e+05 2.820943e+03 2.186603e+06 2.282959e+05 6.823932e+05 1.618266e+06 1.621698e+06
45100 1.778678e+03 1.017412e+05 2.897719e+03 2.193032e+06 2.265211e+05 6.787579e+05 1.617601e+06 1.621006e+06
45200 1.794799e+03 1.020878e+05 2.972526e+03 2.199179e+06 2.248315e+05 6.749458e+05 1.617042e+06 1.620488e+06
45300 1.849462e+03 1.022243e+05 3.050201e+03 2.205182e+06 2.232399e+05 6.719521e+05 1.616190e+06 1.619661e+06
45400 1.931087e+03 1.021046e+05 3.113614e+03 2.210964e+06 2.217538e+05 6.697367e+05 1.615181e+06 1.618571e+06
45500 2.038311e+03 1.021367e+05 3.176445e+03 2.216908e+06 2.203790e+05 6.674778e+05 1.613927e+06 1.617319e+06
45600 2.137580e+03 1.022125e+05 3.220663e+03 2.222868e+06 2.190959e+05 6.648696e+05 1.612767e+06 1.616198e+06
45700 2.213378e+03 1.017641e+05 3.252959e+03 2.229059e+06 2.178776e+05 6.623038e+05 1.611738e+06 1.615168e+06
45800 2.257622e+03 1.011430e+05 3.277693e+03 2.235283e+06 2.166957e+05 6.604676e+05 1.610412e+06 1.613846e+06
45900 2.267835e+03 1.006348e+05 3.302782e+03 2.241477e+06 2.155455e+05 6.593053e+05 1.608682e+06 1.612175e+06
46000 2.265261e+03 1.007624e+05 3.322155e+03 2.247637e+06 2.144057e+05 6.586008e+05 1.606434e+06 1.609972e+06
46100 2.262447e+03 1.005899e+05 3.337026e+03 2.254129e+06 2.132167e+05 6.583161e+05 1.603995e+06 1.607562e+06
46200 2.249377e+03 9.958980e+04 3.341975e+03 2.260830e+06 2.119537e+05 6.578285e+05 1.601961e+06 1.605661e+06
46300 2.215679e+03 9.806560e+04 3.338453e+03 2.267670e+06 2.106047e+05 6.570253e+05 1.600357e+06 1.604143e+06
46400 2.145758e+03 9.659662e+04 3.343597e+03 2.274573e+06 2.091837e+05 6.560213e+05 1.598891e+06 1.602673e+06
46500 2.044028e+03 9.472029e+04 3.364182e+03 2.281636e+06 2.076902e+05 6.554455e+05 1.597371e+06 1.601163e+06
46600 1.926826e+03 9.217719e+04 3.393941e+03 2.288930e+06 2.061292e+05 6.553531e+05 1.595868e+06 1.599662e+06
46700 1.816472e+03 8.957304e+04 3.419942e+03 2.296291e+06 2.045067e+05 6.552345e+05 1.594425e+06 1.598180e+06
46800 1.722631e+03 8.738395e+04 3.438964e+03 2.303811e+06 2.028347e+05 6.549200e+05 1.592856e+06 1.596487e+06
46900 1.640473e+03 8.547374e+04 3.456479e+03 2.311362e+06 2.011517e+05 6.542010e+05 1.591341e+06 1.594834e+06
47000 1.562574e+03 8.405740e+04 3.465159e+03 2.318798e+06 1.995010e+05 6.528841e+05 1.589904e+06 1.593295e+06
47100 1.495297e+03 8.300006e+04 3.454458e+03 2.326192e+06 1.979154e+05 6.509495e+05 1.588598e+06 1.591871e+06
47200 1.446602e+03 8.257017e+04 3.422347e+03 2.333740e+06 1.964025e+05 6.485898e+05 1.587057e+06 1.590254e+06
47300 1.420562e+03 8.282834e+04 3.370863e+03 2.341392e+06 1.949709e+05 6.454783e+05 1.585444e+06 1.588585e+06
47400 1.407549e+03 8.403047e+04 3.302560e+03 2.348854e+06 1.936452e+05 6.413406e+05 1.583928e+06 1.586991e+06
47500 1.395036e+03 8.485974e+04 3.216932e+03 2.356181e+06 1.924715e+05 6.370279e+05 1.582674e+06 1.585681e+06
47600 1.383082e+03 8.442429e+04 3.098085e+03 2.363676e+06 1.915028e+05 6.333475e+05 1.581595e+06 1.584487e+06
47700 1.381699e+03 8.326589e+04 2.947958e+03 2.371238e+06 1.908003e+05 6.301097e+05 1.580500e+06 1.583278e+06
47800 1.401211e+03 8.174931e+04 2.791027e+03 2.378680e+06 1.904479e+05 6.269319e+05 1.579398e+06 1.582128e+06
47900 1.447620e+03 8.014735e+04 2.645694e+03 2.385767e+06 1.903215e+05 6.238801e+05 1.578315e+06 1.581011e+06
48000 1.515953e+03 7.872032e+04 2.527198e+03 2.392565e+06 1.902788e+05 6.210213e+05 1.577150e+06 1.579763e+06
48100 1.586614e+03 7.762939e+04 2.456449e+03 2.399380e+06 1.902760e+05 6.179604e+05 1.575849e+06 1.578412e+06
48200 1.646941e+03 7.666347e+04 2.454450e+03 2.406295e+06 1.903645e+05 6.147432e+05 1.574401e+06 1.576989e+06
48300 1.689969e+03 7.580626e+04 2.525981e+03 2.413173e+06 1.905865e+05 6.114965e+05 1.572814e+06 1.575472e+06
48400 1.709988e+03 7.503098e+04 2.666630e+03 2.420646e+06 1.909545e+05 6.084771e+05 1.570705e+06 1.573382e+06
48500 1.701539e+03 7.412095e+04 2.845487e+03 2.427995e+06 1.914890e+05 6.053297e+05 1.568722e+06 1.571377e+06
48600 1.663132e+03 7.292623e+04 3.022882e+03 2.435019e+06 1.922097e+05 6.022614e+05 1.566933e+06 1.569554e+06
48700 1.600631e+03 7.167618e+04 3.147045e+03 2.441857e+06 1.931092e+05 5.991437e+05 1.565248e+06 1.567815e+06
48800 1.521948e+03 7.043907e+04 3.175066e+03 2.448716e+06 1.941670e+05 5.950841e+05 1.564017e+06 1.566484e+06
48900 1.443107e+03 6.904751e+04 3.085021e+03 2.455511e+06 1.953189e+05 5.908218e+05 1.563004e+06 1.565380e+06
49000 1.377482e+03 6.786693e+04 2.910827e+03 2.462129e+06 1.964361e+05 5.864513e+05 1.562086e+06 1.564361e+06
49100 1.335453e+03 6.636865e+04 2.706419e+03 2.468824e+06 1.973566e+05 5.823178e+05 1.561280e+06 1.563437e+06
49200 1.323687e+03 6.440310e+04 2.531848e+03 2.475455e+06 1.979459e+05 5.786420e+05 1.560627e+06 1.562704e+06
49300 1.341002e+03 6.211998e+04 2.409984e+03 2.482140e+06 1.981460e+05 5.754940e+05 1.559991e+06 1.561997e+06
49400 1.384532e+03 6.024274e+04 2.338883e+03 2.488820e+06 1.979544e+05 5.722538e+05 1.559337e+06 1.561314e+06
49500 1.445875e+03 5.910697e+04 2.316388e+03 2.495356e+06 1.973955e+05 5.687942e+05 1.558619e+06 1.560619e+06
49600 1.515506e+03 5.866405e+04 2.336415e+03 2.501630e+06 1.965109e+05 5.652091e+05 1.557861e+06 1.559934e+06
49700 1.580472e+03 5.865638e+04 2.383980e+03 2.507466e+06 1.953662e+05 5.615738e+05 1.557226e+06 1.559415e+06
49800 1.632615e+03 5.891951e+04 2.438994e+03 2.512970e+06 1.940527e+05 5.579636e+05 1.556683e+06 1.559017e+06
49900 1.661552e+03 5.935237e+04 2.486804e+03 2.518190e+06 1.926595e+05 5.543381e+05 1.556249e+06 1.558748e+06
50000 1.663670e+03 6.007711e+04 2.511470e+03 2.523177e+06 1.912535e+05 5.504342e+05 1.555954e+06 1.558624e+06
50100 1.642844e+03 6.095698e+04 2.508811e+03 2.527872e+06 1.898777e+05 5.463133e+05 1.555848e+06 1.558683e+06
50200 1.604374e+03 6.149731e+04 2.481183e+03 2.532421e+06 1.885535e+05 5.425972e+05 1.555788e+06 1.558768e+06
50300 1.556202e+03 6.128951e+04 2.436711e+03 2.536994e+06 1.873088e+05 5.393933e+05 1.555832e+06 1.558907e+06
50400 1.514010e+03 6.010766e+04 2.376495e+03 2.541703e+06 1.861746e+05 5.365817e+05 1.556067e+06 1.559201e+06
50500 1.483022e+03 5.804154e+04 2.307508e+03 2.546562e+06 1.851698e+05 5.343130e+05 1.556357e+06 1.559498e+06
50600 1.465528e+03 5.556465e+04 2.234141e+03 2.551400e+06 1.843013e+05 5.323191e+05 1.556693e+06 1.559761e+06
50700 1.448281e+03 5.277034e+04 2.165476e+03 2.556046e+06 1.835678e+05 5.306070e+05 1.557090e+06 1.560050e+06
50800 1.419536e+03 4.973997e+04 2.108748e+03 2.560329e+06 1.829775e+05 5.294301e+05 1.557466e+06 1.560280e+06
50900 1.376676e+03 4.662068e+04 2.064180e+03 2.564261e+06 1.825296e+05 5.287109e+05 1.557769e+06 1.560426e+06
51000 1.330955e+03 4.375567e+04 2.025846e+03 2.567669e+06 1.821974e+05 5.282335e+05 1.558025e+06 1.560527e+06
51100 1.296167e+03 4.134683e+04 1.987141e+03 2.570418e+06 1.819569e+05 5.278022e+05 1.558307e+06 1.560657e+06
51200 1.280874e+03 3.957320e+04 1.943627e+03 2.572568e+06 1.817808e+05 5.271406e+05 1.558640e+06 1.560852e+06
51300 1.290806e+03 3.827120e+04 1.898075e+03 2.574290e+06 1.816393e+05 5.263628e+05 1.558962e+06 1.561072e+06
51400 1.324205e+03 3.772999e+04 1.851169e+03 2.575562e+06 1.815166e+05 5.251902e+05 1.559288e+06 1.561333e+06
51500 1.373743e+03 3.799730e+04 1.805606e+03 2.576368e+06 1.814124e+05 5.235281e+05 1.559654e+06 1.561665e+06
51600 1.422764e+03 3.858506e+04 1.765868e+03 2.576931e+06 1.813428e+05 5.215345e+05 1.560114e+06 1.562116e+06
51700 1.446217e+03 3.906412e+04 1.731433e+03 2.577334e+06 1.813347e+05 5.196622e+05 1.560632e+06 1.562617e+06
51800 1.432241e+03 3.930791e+04 1.704574e+03 2.577501e+06 1.814007e+05 5.182718e+05 1.561111e+06 1.563101e+06
51900 1.386386e+03 3.959253e+04 1.682081e+03 2.577325e+06 1.815297e+05 5.170827e+05 1.561622e+06 1.563618e+06
52000 1.321448e+03 4.009567e+04 1.663076e+03 2.576685e+06 1.816929e+05 5.158526e+05 1.562276e+06 1.564261e+06
52100 1.252093e+03 4.088826e+04 1.647619e+03 2.575687e+06 1.818677e+05 5.142973e+05 1.563121e+06 1.565096e+06
52200 1.183999e+03 4.187960e+04 1.629821e+03 2.574496e+06 1.820419e+05 5.123385e+05 1.564182e+06 1.566114e+06
52300 1.124877e+03 4.297447e+04 1.614906e+03 2.573113e+06 1.821982e+05 5.100847e+05 1.565429e+06 1.567335e+06
52400 1.080196e+03 4.395889e+04 1.603690e+03 2.571549e+06 1.823062e+05 5.078198e+05 1.566836e+06 1.568730e+06
52500 1.052119e+03 4.459016e+04 1.597543e+03 2.569890e+06 1.823427e+05 5.056464e+05 1.568449e+06 1.570324e+06
52600 1.040167e+03 4.501588e+04 1.594056e+03 2.568178e+06 1.823001e+05 5.034187e+05 1.570239e+06 1.572115e+06
52700 1.040348e+03 4.549464e+04 1.592858e+03 2.566255e+06 1.821904e+05 5.011049e+05 1.572161e+06 1.574070e+06
52800 1.047000e+03 4.593540e+04 1.591704e+03 2.564065e+06 1.820409e+05 4.989999e+05 1.574154e+06 1.576084e+06
52900 1.056146e+03 4.622453e+04 1.590466e+03 2.561603e+06 1.818863e+05 4.972005e+05 1.576209e+06 1.578155e+06
53000 1.065750e+03 4.614884e+04 1.586310e+03 2.558902e+06 1.817633e+05 4.958476e+05 1.578323e+06 1.580297e+06
53100 1.074434e+03 4.587722e+04 1.579710e+03 2.555935e+06 1.817002e+05 4.946593e+05 1.580557e+06 1.582560e+06
53200 1.079489e+03 4.542584e+04 1.571158e+03 2.552770e+06 1.817097e+05 4.935242e+05 1.582919e+06 1.584951e+06
53300 1.080109e+03 4.479202e+04 1.562938e+03 2.549532e+06 1.817887e+05 4.925927e+05 1.585268e+06 1.587342e+06
53400 1.075883e+03 4.415181e+04 1.559599e+03 2.546249e+06 1.819175e+05 4.918396e+05 1.587531e+06 1.589643e+06
53500 1.069445e+03 4.373995e+04 1.563067e+03 2.542877e+06 1.820789e+05 4.910399e+05 1.589729e+06 1.591878e+06
53600 1.062782e+03 4.339643e+04 1.571867e+03 2.539544e+06 1.822713e+05 4.902040e+05 1.591885e+06 1.594048e+06
53700 1.054934e+03 4.290179e+04 1.584478e+03 2.536320e+06 1.825039e+05 4.894117e+05 1.594029e+06 1.596187e+06
53800 1.048946e+03 4.236362e+04 1.605892e+03 2.533142e+06 1.827887e+05 4.886202e+05 1.596144e+06 1.598286e+06
53900 1.041934e+03 4.192255e+04 1.632061e+03 2.529926e+06 1.831412e+05 4.878180e+05 1.598203e+06 1.600324e+06
54000 1.036915e+03 4.122182e+04 1.661109e+03 2.526838e+06 1.835741e+05 4.871789e+05 1.600205e+06 1.602300e+06
54100 1.033934e+03 4.009508e+04 1.691742e+03 2.523851e+06 1.840884e+05 4.869219e+05 1.602138e+06 1.604204e+06
54200 1.032389e+03 3.862831e+04 1.726007e+03 2.520906e+06 1.846765e+05 4.870953e+05 1.603973e+06 1.605994e+06
54300 1.034524e+03 3.697894e+04 1.761631e+03 2.518026e+06 1.853357e+05 4.876101e+05 1.605646e+06 1.607646e+06
54400 1.041925e+03 3.534934e+04 1.796411e+03 2.515053e+06 1.860682e+05 4.882844e+05 1.607239e+06 1.609215e+06
54500 1.051832e+03 3.379086e+04 1.828869e+03 2.511956e+06 1.868797e+05 4.889837e+05 1.608809e+06 1.610755e+06
54600 1.063435e+03 3.228189e+04 1.860002e+03 2.508795e+06 1.877675e+05 4.896724e+05 1.610358e+06 1.612264e+06
54700 1.074564e+03 3.119640e+04 1.891750e+03 2.505475e+06 1.887275e+05 4.900359e+05 1.611894e+06 1.613775e+06
54800 1.083599e+03 3.065341e+04 1.925787e+03 2.501899e+06 1.897528e+05 4.900034e+05 1.613449e+06 1.615311e+06
54900 1.088447e+03 3.039463e+04 1.964896e+03 2.498151e+06 1.908376e+05 4.898263e+05 1.614991e+06 1.616832e+06
55000 1.089358e+03 3.030952e+04 2.003173e+03 2.494345e+06 1.919839e+05 4.895401e+05 1.616497e+06 1.618327e+06
55100 1.086312e+03 3.036944e+04 2.038965e+03 2.490552e+06 1.931995e+05 4.891755e+05 1.617926e+06 1.619756e+06
55200 1.078885e+03 3.058976e+04 2.069737e+03 2.486734e+06 1.944946e+05 4.888149e+05 1.619247e+06 1.621084e+06
55300 1.067593e+03 3.089108e+04 2.098330e+03 2.482848e+06 1.958674e+05 4.884796e+05 1.620508e+06 1.622362e+06
55400 1.052744e+03 3.116713e+04 2.121226e+03 2.478989e+06 1.972987e+05 4.881157e+05 1.621755e+06 1.623630e+06
55500 1.036341e+03 3.147485e+04 2.141445e+03 2.475177e+06 1.987569e+05 4.876003e+05 1.623026e+06 1.624927e+06
55600 1.019300e+03 3.162662e+04 2.155470e+03 2.471410e+06 2.002106e+05 4.871341e+05 1.624335e+06 1.626257e+06
55700 1.003596e+03 3.155558e+04 2.151197e+03 2.467670e+06 2.016351e+05 4.868304e+05 1.625686e+06 1.627624e+06
55800 9.880220e+02 3.136744e+04 2.124269e+03 2.463946e+06 2.030043e+05 4.865808e+05 1.627109e+06 1.629046e+06
55900 9.740126e+02 3.131374e+04 2.073872e+03 2.460218e+06 2.042858e+05 4.861117e+05 1.628635e+06 1.630561e+06
56000 9.700950e+02 3.147396e+04 2.004246e+03 2.456507e+06 2.054416e+05 4.853439e+05 1.630267e+06 1.632174e+06
56100 9.815923e+02 3.191311e+04 1.924604e+03 2.452755e+06 2.064317e+05 4.843534e+05 1.631974e+06 1.633858e+06
56200 1.013848e+03 3.262186e+04 1.839823e+03 2.449009e+06 2.072272e+05 4.831573e+05 1.633734e+06 1.635597e+06
56300 1.066488e+03 3.349143e+04 1.756407e+03 2.445324e+06 2.078077e+05 4.818487e+05 1.635534e+06 1.637380e+06
56400 1.137445e+03 3.440751e+04 1.676477e+03 2.441716e+06 2.081669e+05 4.805289e+05 1.637374e+06 1.639211e+06
56500 1.221973e+03 3.531306e+04 1.606884e+03 2.438172e+06 2.083082e+05 4.792818e+05 1.639245e+06 1.641078e+06
56600 1.319456e+03 3.615833e+04 1.542597e+03 2.434709e+06 2.082494e+05 4.780996e+05 1.641159e+06 1.643000e+06
56700 1.422249e+03 3.678482e+04 1.488116e+03 2.431377e+06 2.080167e+05 4.770940e+05 1.643108e+06 1.644956e+06
56800 1.520181e+03 3.684934e+04 1.445937e+03 2.428280e+06 2.076491e+05 4.766332e+05 1.645011e+06 1.646865e+06
56900 1.599648e+03 3.629514e+04 1.419392e+03 2.425418e+06 2.071930e+05 4.768298e+05 1.646825e+06 1.648684e+06
57000 1.650187e+03 3.546575e+04 1.408019e+03 2.422609e+06 2.066958e+05 4.773365e+05 1.648620e+06 1.650487e+06
57100 1.665315e+03 3.477756e+04 1.411506e+03 2.419792e+06 2.062013e+05 4.777401e+05 1.650409e+06 1.652284e+06
57200 1.647181e+03 3.432127e+04 1.431621e+03 2.417043e+06 2.057346e+05 4.779459e+05 1.652144e+06 1.654021e+06
57300 1.600186e+03 3.408130e+04 1.472581e+03 2.414381e+06 2.053123e+05 4.780088e+05 1.653778e+06 1.655663e+06
57400 1.533861e+03 3.398732e+04 1.531574e+03 2.411854e+06 2.049422e+05 4.779627e+05 1.655304e+06 1.657190e+06
57500 1.462130e+03 3.384900e+04 1.605129e+03 2.409470e+06 2.046300e+05 4.779917e+05 1.656713e+06 1.658593e+06
57600 1.392491e+03 3.355394e+04 1.681492e+03 2.407167e+06 2.043804e+05 4.782755e+05 1.657996e+06 1.659876e+06
57700 1.331307e+03 3.318535e+04 1.750068e+03 2.404855e+06 2.041938e+05 4.787896e+05 1.659170e+06 1.661056e+06
57800 1.282677e+03 3.269207e+04 1.801167e+03 2.402503e+06 2.040664e+05 4.796284e+05 1.660234e+06 1.662133e+06
57900 1.248402e+03 3.195047e+04 1.830042e+03 2.400149e+06 2.039936e+05 4.809283e+05 1.661169e+06 1.663080e+06
58000 1.229426e+03 3.099160e+04 1.832369e+03 2.397780e+06 2.039701e+05 4.826530e+05 1.661991e+06 1.663909e+06
58100 1.220268e+03 3.003295e+04 1.809116e+03 2.395307e+06 2.039897e+05 4.846071e+05 1.662742e+06 1.664658e+06
58200 1.219326e+03 2.911235e+04 1.761875e+03 2.392742e+06 2.040407e+05 4.867071e+05 1.663442e+06 1.665350e+06
58300 1.219755e+03 2.807386e+04 1.694459e+03 2.390184e+06 2.041083e+05 4.889869e+05 1.664108e+06 1.666008e+06
58400 1.217912e+03 2.696269e+04 1.612452e+03 2.387646e+06 2.041720e+05 4.913560e+05 1.664764e+06 1.666660e+06
58500 1.213659e+03 2.588110e+04 1.523992e+03 2.385087e+06 2.042036e+05 4.937571e+05 1.665420e+06 1.667312e+06
58600 1.206546e+03 2.495340e+04 1.435099e+03 2.382454e+06 2.041713e+05 4.961224e+05 1.666090e+06 1.667975e+06
58700 1.200080e+03 2.427397e+04 1.352895e+03 2.379741e+06 2.040474e+05 4.983285e+05 1.666793e+06 1.668679e+06
58800 1.193246e+03 2.379344e+04 1.278530e+03 2.376956e+06 2.038190e+05 5.003918e+05 1.667552e+06 1.669440e+06
58900 1.187805e+03 2.351965e+04 1.212750e+03 2.374089e+06 2.034784e+05 5.022974e+05 1.668377e+06 1.670271e+06
59000 1.184792e+03 2.337694e+04 1.157649e+03 2.371122e+06 2.030192e+05 5.041409e+05 1.669269e+06 1.671171e+06
59100 1.183528e+03 2.331624e+04 1.117362e+03 2.368044e+06 2.024416e+05 5.060000e+05 1.670216e+06 1.672131e+06
59200 1.181959e+03 2.337046e+04 1.093415e+03 2.364829e+06 2.017566e+05 5.078782e+05 1.671211e+06 1.673138e+06
59300 1.179671e+03 2.334876e+04 1.086339e+03 2.361546e+06 2.009885e+05 5.099362e+05 1.672229e+06 1.674152e+06
59400 1.175539e+03 2.313646e+04 1.095121e+03 2.358252e+06 2.001672e+05 5.122423e+05 1.673252e+06 1.675156e+06
59500 1.166562e+03 2.293851e+04 1.119387e+03 2.354822e+06 1.993268e+05 5.146635e+05 1.674282e+06 1.676166e+06
59600 1.154633e+03 2.283020e+04 1.157687e+03 2.351226e+06 1.985013e+05 5.171087e+05 1.675331e+06 1.677184e+06
59700 1.138481e+03 2.284712e+04 1.205926e+03 2.347467e+06 1.977222e+05 5.195143e+05 1.676390e+06 1.678217e+06
59800 1.119457e+03 2.293742e+04 1.256744e+03 2.343577e+06 1.970178e+05 5.218982e+05 1.677451e+06 1.679253e+06
59900 1.098900e+03 2.310582e+04 1.303860e+03 2.339582e+06 1.964069e+05 5.242107e+05 1.678516e+06 1.680296e+06
60000 1.077440e+03 2.344169e+04 1.341466e+03 2.335471e+06 1.959005e+05 5.263568e+05 1.679593e+06 1.681346e+06
60100 1.056424e+03 2.395545e+04 1.365335e+03 2.331262e+06 1.955010e+05 5.283100e+05 1.680678e+06 1.682410e+06
60200 1.036090e+03 2.452642e+04 1.372479e+03 2.327010e+06 1.952084e+05 5.301544e+05 1.681757e+06 1.683482e+06
60300 1.018822e+03 2.510209e+04 1.363458e+03 2.322751e+06 1.950188e+05 5.319164e+05 1.682827e+06 1.684558e+06
60400 1.003075e+03 2.557563e+04 1.339793e+03 2.318517e+06 1.949386e+05 5.336743e+05 1.683888e+06 1.685628e+06
60500 9.884515e+02 2.583543e+04 1.305374e+03 2.314326e+06 1.949777e+05 5.355277e+05 1.684932e+06 1.686681e+06
60600 9.769214e+02 2.587892e+04 1.263840e+03 2.310152e+06 1.951559e+05 5.375141e+05 1.685941e+06 1.687700e+06
60700 9.699874e+02 2.565238e+04 1.219610e+03 2.305992e+06 1.954890e+05 5.397051e+05 1.686901e+06 1.688661e+06
60800 9.709530e+02 2.519869e+04 1.175988e+03 2.301817e+06 1.959864e+05 5.420837e+05 1.687810e+06 1.689557e+06
60900 9.813264e+02 2.463939e+04 1.135091e+03 2.297599e+06 1.966479e+05 5.445650e+05 1.688662e+06 1.690378e+06
61000 1.001377e+03 2.404361e+04 1.096643e+03 2.293368e+06 1.974603e+05 5.470867e+05 1.689443e+06 1.691117e+06
61100 1.027146e+03 2.351608e+04 1.062849e+03 2.289156e+06 1.984079e+05 5.495594e+05 1.690134e+06 1.691761e+06
61200 1.055626e+03 2.307382e+04 1.039019e+03 2.285022e+06 1.994637e+05 5.519562e+05 1.690722e+06 1.692300e+06
61300 1.084805e+03 2.273258e+04 1.025022e+03 2.281009e+06 2.005965e+05 5.542565e+05 1.691202e+06 1.692735e+06
61400 1.113137e+03 2.248593e+04 1.024999e+03 2.277160e+06 2.017833e+05 5.564400e+05 1.691575e+06 1.693068e+06
61500 1.136714e+03 2.226372e+04 1.041427e+03 2.273509e+06 2.030087e+05 5.585590e+05 1.691840e+06 1.693300e+06
61600 1.152150e+03 2.197854e+04 1.073955e+03 2.270057e+06 2.042669e+05 5.606805e+05 1.692013e+06 1.693446e+06
61700 1.157514e+03 2.166968e+04 1.121454e+03 2.266753e+06 2.055545e+05 5.627826e+05 1.692113e+06 1.693525e+06
61800 1.153970e+03 2.136149e+04 1.184028e+03 2.263550e+06 2.068583e+05 5.648481e+05 1.692166e+06 1.693563e+06
61900 1.143774e+03 2.104875e+04 1.257810e+03 2.260434e+06 2.081544e+05 5.668675e+05 1.692200e+06 1.693587e+06
62000 1.132073e+03 2.071303e+04 1.342442e+03 2.257418e+06 2.094069e+05 5.688417e+05 1.692236e+06 1.693613e+06
62100 1.120695e+03 2.035148e+04 1.432990e+03 2.254527e+06 2.105740e+05 5.707552e+05 1.692293e+06 1.693657e+06
62200 1.110826e+03 1.993928e+04 1.525087e+03 2.251794e+06 2.116190e+05 5.726318e+05 1.692376e+06 1.693723e+06
62300 1.106112e+03 1.942088e+04 1.610154e+03 2.249246e+06 2.125062e+05 5.745278e+05 1.692490e+06 1.693820e+06
62400 1.108025e+03 1.877175e+04 1.683681e+03 2.246888e+06 2.132048e+05 5.764678e+05 1.692650e+06 1.693962e+06
62500 1.119480e+03 1.801869e+04 1.740931e+03 2.244696e+06 2.136878e+05 5.784325e+05 1.692876e+06 1.694173e+06
62600 1.143038e+03 1.726605e+04 1.781398e+03 2.242626e+06 2.139369e+05 5.803185e+05 1.693197e+06 1.694484e+06
62700 1.178853e+03 1.664003e+04 1.802903e+03 2.240629e+06 2.139416e+05 5.820106e+05 1.693639e+06 1.694920e+06
62800 1.224325e+03 1.619023e+04 1.806732e+03 2.238684e+06 2.137017e+05 5.834705e+05 1.694208e+06 1.695485e+06
62900 1.274907e+03 1.583381e+04 1.793829e+03 2.236798e+06 2.132250e+05 5.847819e+05 1.694896e+06 1.696176e+06
